90 4
x
90 14 66 2
x
90 0 75 2 90 0 47 6 90 1 54 5 90 2 73 1 90 2 59 3 90 3 66 5 90 4 71 1 90 6 80 1 90 7 82 1 90 8 80 5 90 8 49 5 90 9 56 4 90 10 61 4 90 11 65 3 90 14 66 1
90 0 75 2 90 0 46 7 90 1 53 5 90 2 73 3 90 2 58 6 90 3 61 4 90 6 70 6 90 8 51 2 90 9 54 5 90 10 58 5 90 11 66 4 90 14 73 1
90 0 78 1 90 0 47 5 90 1 80 1 90 1 54 4 90 2 82 4 90 2 59 4 90 3 63 4 90 6 73 1 90 8 78 1 90 8 56 1 90 8 61 3 90 8 49 6 90 9 80 1 90 10 82 3 90 10 56 1 90 11 65 2
90 0 42 7 90 1 49 6 90 2 66 2 90 2 54 5 90 3 61 4 90 4 75 2 90 6 73 7 90 6 58 1 90 8 61 2 90 8 58 2 90 8 66 3 90 8 54 3 90 8 42 5 90 10 49 3 90 12 61 1 90 12 58 1 90 12 54 1 90 12 61 2 90 13 63 1 90 14 66 1 90 15 68 1
A S
90 0 70 1 90 0 59 2 90 0 63 3 90 0 47 5 90 1 78 1 90 2 66 1 90 2 80 1 90 2 54 3 90 3 82 1 90 3 59 2 90 4 63 1 90 4 66 1 90 6 68 6 90 6 65 4 90 6 61 5 90 8 49 5 90 10 80 1 90 10 56 2 90 11 82 1 90 12 80 1 90 12 61 1 90 12 65 1 90 12 68 2 90 14 61 1
90 0 68 1 90 0 58 2 90 0 61 2 90 0 46 5 90 2 65 1 90 2 53 3 90 3 58 1 90 4 61 1 90 4 61 1 90 4 58 1 90 4 65 1 90 6 66 5 90 6 58 4 90 6 63 4 90 8 78 1 90 8 51 6 90 9 80 1 90 10 82 1 90 10 54 4 90 12 61 1 90 12 58 1 90 12 63 2 90 12 66 2 90 13 63 1 90 14 66 1 90 14 58 1 90 15 68 1
90 0 70 1 90 0 59 2 90 0 63 2 90 0 47 4 90 2 66 1 90 2 54 3 90 3 59 1 90 4 63 1 90 4 63 1 90 4 59 1 90 4 66 1 90 6 68 3 90 6 65 4 90 6 61 4 90 8 49 5 90 10 61 1 90 10 56 3 90 12 68 1 90 12 61 1 90 12 68 2 90 12 65 3 90 14 66 7 90 14 61 1
90 0 58 2 90 0 54 3 90 0 42 15 90 2 49 3 90 4 54 1 90 4 58 2 90 4 61 2 90 6 49 3 90 7 54 1 90 8 66 2 90 8 61 3 90 8 58 3 90 8 54 3 90 10 49 3 90 12 54 2 90 12 58 3 90 14 49 1 90 15 54 1
B
90 0 66 2 90 0 47 4 90 1 54 3 90 2 59 3 90 3 63 2 90 3 66 2 90 4 66 2 90 8 65 1 90 8 49 4 90 9 56 3 90 10 66 1 90 10 61 3 90 11 65 1 90 11 65 1 90 12 73 1 90 12 75 2 90 14 73 1
90 0 65 1 90 0 46 4 90 1 53 3 90 2 66 1 90 2 58 2 90 3 65 1 90 3 61 1 90 5 61 1 90 7 63 4 90 8 51 4 90 9 54 3 90 10 58 3 90 10 68 1 90 10 70 3 90 11 66 1 90 14 63 1 90 14 66 1 90 15 65 1 90 15 68 1
90 0 66 3 90 0 47 5 90 0 70 2 90 1 54 4 90 2 59 3 90 3 63 1 90 3 66 1 90 4 66 2 90 8 65 1 90 8 49 5 90 9 56 3 90 10 66 1 90 10 61 2 90 11 65 1 90 11 65 1 90 13 63 1 90 15 61 8
90 0 58 2 90 0 54 3 90 0 42 16 90 2 78 1 90 2 49 3 90 3 80 1 90 4 66 2 90 4 54 2 90 4 80 1 90 5 82 1 90 5 80 1 90 6 49 3 90 6 78 1 90 8 54 2 90 8 58 3 90 8 61 3 90 8 73 1 90 9 75 1 90 10 49 4 90 10 73 1 90 11 54 5 90 12 58 3 90 12 61 4 90 12 66 4 90 12 68 1 90 13 70 1 90 13 68 1 90 14 49 1 90 14 66 2
90 0 66 2 90 0 47 4 90 1 54 3 90 2 59 3 90 3 63 2 90 3 66 2 90 4 66 3 90 8 68 1 90 8 49 4 90 9 56 3 90 10 70 1 90 10 61 3 90 11 68 1 90 11 65 1 90 12 73 1 90 12 75 2 90 14 73 1
90 0 68 1 90 0 46 4 90 1 53 3 90 2 70 1 90 2 58 2 90 3 68 1 90 3 61 1 90 5 65 1 90 7 66 5 90 8 51 4 90 9 54 3 90 9 73 1 90 10 58 3 90 10 78 1 90 11 66 1 90 11 80 1 90 12 80 1 90 12 82 3 90 14 61 1 90 15 63 1
90 0 66 1 90 0 47 5 90 1 54 4 90 2 70 1 90 2 59 3 90 3 68 1 90 3 63 1 90 3 66 1 90 5 66 1 90 8 68 1 90 8 49 5 90 9 56 3 90 10 70 1 90 10 61 2 90 11 68 1 90 11 65 1 90 13 66 1
90 0 66 6 90 0 58 2 90 0 54 3 90 0 42 16 90 1 73 1 90 2 49 3 90 2 78 1 90 3 80 1 90 4 66 2 90 4 54 2 90 4 80 1 90 4 82 1 90 5 80 1 90 6 49 3 90 6 78 1 90 8 73 1 90 8 54 2 90 8 58 3 90 8 61 3 90 8 75 2 90 10 73 1 90 10 49 4 90 11 54 5 90 12 61 1 90 12 58 3 90 12 61 4 90 12 66 4 90 12 68 1 90 12 70 1 90 13 63 1 90 13 68 1 90 14 66 1 90 14 49 1 90 14 66 1 90 15 68 1
A T
90 0 70 1 90 0 59 2 90 0 63 3 90 0 47 5 90 1 78 1 90 2 66 1 90 2 80 1 90 2 54 3 90 3 82 1 90 3 59 2 90 4 63 1 90 4 66 1 90 6 68 6 90 6 65 4 90 6 61 5 90 8 49 5 90 10 80 1 90 10 56 2 90 11 82 1 90 12 80 1 90 12 61 1 90 12 65 1 90 12 68 2 90 14 61 1
90 0 68 1 90 0 58 2 90 0 61 2 90 0 46 5 90 2 65 1 90 2 53 3 90 3 58 1 90 4 61 1 90 4 61 1 90 4 58 1 90 4 65 1 90 6 66 5 90 6 58 4 90 6 63 4 90 8 78 1 90 8 51 6 90 9 80 1 90 10 82 1 90 10 54 4 90 12 61 1 90 12 58 1 90 12 63 2 90 12 66 2 90 13 63 1 90 14 66 1 90 14 58 1 90 15 68 1
90 0 70 1 90 0 59 2 90 0 63 2 90 0 47 4 90 2 66 1 90 2 54 3 90 3 59 1 90 4 63 1 90 4 63 1 90 4 59 1 90 4 66 1 90 6 68 3 90 6 65 4 90 6 61 4 90 8 49 5 90 10 61 1 90 10 56 3 90 12 68 1 90 12 61 1 90 12 68 2 90 12 65 3 90 14 70 7 90 14 61 1
90 0 58 2 90 0 54 3 90 0 42 15 90 2 49 3 90 2 78 1 90 4 85 1 90 4 54 1 90 4 58 2 90 4 61 2 90 4 87 2 90 6 85 1 90 6 49 3 90 7 54 1 90 8 85 1 90 8 66 2 90 8 61 3 90 8 58 3 90 8 54 3 90 8 87 2 90 10 85 1 90 10 49 3 90 12 80 1 90 12 82 1 90 12 61 1 90 12 54 2 90 12 58 3 90 13 63 1 90 13 80 1 90 14 66 1 90 14 49 1 90 14 78 2 90 15 68 1 90 15 54 1
A
90 0 70 1 90 0 59 2 90 0 63 3 90 0 47 5 90 1 78 1 90 2 66 1 90 2 80 1 90 2 54 3 90 3 82 1 90 3 59 2 90 4 63 1 90 4 66 1 90 6 68 6 90 6 65 4 90 6 61 5 90 8 49 5 90 10 80 1 90 10 56 2 90 11 82 1 90 12 80 1 90 12 61 1 90 12 65 1 90 12 68 2 90 14 61 1
90 0 68 1 90 0 58 2 90 0 61 2 90 0 46 5 90 2 65 1 90 2 53 3 90 3 58 1 90 4 61 1 90 4 61 1 90 4 58 1 90 4 65 1 90 6 66 5 90 6 58 4 90 6 63 4 90 8 78 1 90 8 51 6 90 9 80 1 90 10 82 1 90 10 54 4 90 12 61 1 90 12 58 1 90 12 63 2 90 12 66 2 90 13 63 1 90 14 66 1 90 14 58 1 90 15 68 1
90 0 70 1 90 0 59 2 90 0 63 2 90 0 47 4 90 2 66 1 90 2 54 3 90 3 59 1 90 4 63 1 90 4 63 1 90 4 59 1 90 4 66 1 90 6 68 3 90 6 65 4 90 6 61 4 90 8 49 5 90 10 61 1 90 10 56 3 90 12 68 1 90 12 61 1 90 12 68 2 90 12 65 3 90 14 66 7 90 14 61 1
90 0 58 2 90 0 54 3 90 0 42 15 90 2 49 3 90 4 54 1 90 4 58 2 90 4 61 2 90 6 49 3 90 7 54 1 90 8 66 2 90 8 61 3 90 8 58 3 90 8 54 3 90 10 49 3 90 12 73 1 90 12 54 2 90 12 58 3 90 13 75 1 90 14 78 1 90 14 49 1 90 15 80 1 90 15 54 1
b
90 0 82 2 90 0 59 2 90 0 63 3 90 0 47 6 90 2 80 1 90 2 54 4 90 3 82 1 90 3 59 2 90 4 78 1 90 4 66 3 90 6 80 4 90 6 59 1 90 8 65 5 90 8 49 5 90 8 61 5
90 0 80 2 90 0 58 2 90 0 61 3 90 0 46 7 90 2 78 1 90 2 53 5 90 3 80 1 90 3 58 2 90 4 77 1 90 4 61 2 90 6 78 4 90 6 65 1 90 8 63 4 90 8 58 4 90 8 51 5 90 14 61 1 90 15 63 1
90 0 66 2 90 0 47 6 90 2 63 1 90 2 54 4 90 3 66 1 90 3 59 2 90 4 68 2 90 5 63 2 90 5 66 3 90 6 66 1 90 7 68 1 90 7 59 1 90 8 68 1 90 8 70 1 90 8 49 5 90 9 56 4 90 10 73 2 90 10 61 2 90 12 73 1 90 12 61 1 90 12 65 2 90 13 75 1 90 14 78 1 90 15 80 1
90 0 82 9 90 0 58 2 90 0 54 2 90 0 42 16 90 2 49 3 90 4 61 1 90 4 54 2 90 6 49 3 90 7 54 1 90 8 66 2 90 8 54 2 90 10 49 6 90 12 58 4 90 12 54 4 90 12 61 4
B
90 0 66 2 90 0 47 4 90 1 54 3 90 2 59 3 90 3 63 2 90 3 66 2 90 4 66 2 90 8 65 1 90 8 49 4 90 9 56 3 90 10 66 1 90 10 61 3 90 11 65 1 90 11 65 1 90 12 73 1 90 12 75 2 90 14 73 1
90 0 65 1 90 0 46 4 90 1 53 3 90 2 66 1 90 2 58 2 90 3 65 1 90 3 61 1 90 5 61 1 90 7 63 4 90 8 51 4 90 9 54 3 90 10 58 3 90 10 68 1 90 10 70 3 90 11 66 1 90 14 63 1 90 14 66 1 90 15 65 1 90 15 68 1
90 0 66 3 90 0 47 5 90 0 70 2 90 1 54 4 90 2 59 3 90 3 63 1 90 3 66 1 90 4 66 2 90 8 65 1 90 8 49 5 90 9 56 3 90 10 66 1 90 10 61 2 90 11 65 1 90 11 65 1 90 13 63 1 90 15 61 8
90 0 58 2 90 0 54 3 90 0 42 16 90 2 78 1 90 2 49 3 90 3 80 1 90 4 66 2 90 4 54 2 90 4 80 1 90 5 82 1 90 5 80 1 90 6 49 3 90 6 78 1 90 8 54 2 90 8 58 3 90 8 61 3 90 8 73 1 90 9 75 1 90 10 49 4 90 10 73 1 90 11 54 5 90 12 58 3 90 12 61 4 90 12 66 4 90 12 68 1 90 13 70 1 90 13 68 1 90 14 49 1 90 14 66 2
90 0 66 2 90 0 47 4 90 1 54 3 90 2 59 3 90 3 63 2 90 3 66 2 90 4 66 3 90 8 68 1 90 8 49 4 90 9 56 3 90 10 70 1 90 10 61 3 90 11 68 1 90 11 65 1 90 12 73 1 90 12 75 2 90 14 73 1
90 0 68 1 90 0 46 4 90 1 53 3 90 2 70 1 90 2 58 2 90 3 68 1 90 3 61 1 90 5 65 1 90 7 66 5 90 8 51 4 90 9 54 3 90 9 73 1 90 10 58 3 90 10 78 1 90 11 66 1 90 11 80 1 90 12 80 1 90 12 82 3 90 14 61 1 90 15 63 1
90 0 66 1 90 0 47 5 90 1 54 4 90 2 70 1 90 2 59 3 90 3 68 1 90 3 63 1 90 3 66 1 90 5 66 1 90 8 68 1 90 8 49 5 90 9 56 3 90 10 70 1 90 10 61 2 90 11 68 1 90 11 65 1 90 13 66 1
90 0 66 6 90 0 58 2 90 0 54 3 90 0 42 16 90 1 73 1 90 2 49 3 90 2 78 1 90 3 80 1 90 4 66 2 90 4 54 2 90 4 80 1 90 4 82 1 90 5 80 1 90 6 49 3 90 6 78 1 90 8 73 1 90 8 54 2 90 8 58 3 90 8 61 3 90 8 75 2 90 10 73 1 90 10 49 4 90 11 54 5 90 12 61 1 90 12 58 3 90 12 61 4 90 12 66 4 90 12 68 1 90 12 70 1 90 13 63 1 90 13 68 1 90 14 66 1 90 14 49 1 90 14 66 1 90 15 68 1
A
90 0 70 1 90 0 59 2 90 0 63 3 90 0 47 5 90 1 78 1 90 2 66 1 90 2 80 1 90 2 54 3 90 3 82 1 90 3 59 2 90 4 63 1 90 4 66 1 90 6 68 6 90 6 65 4 90 6 61 5 90 8 49 5 90 10 80 1 90 10 56 2 90 11 82 1 90 12 80 1 90 12 61 1 90 12 65 1 90 12 68 2 90 14 61 1
90 0 68 1 90 0 58 2 90 0 61 2 90 0 46 5 90 2 65 1 90 2 53 3 90 3 58 1 90 4 61 1 90 4 61 1 90 4 58 1 90 4 65 1 90 6 66 5 90 6 58 4 90 6 63 4 90 8 78 1 90 8 51 6 90 9 80 1 90 10 82 1 90 10 54 4 90 12 61 1 90 12 58 1 90 12 63 2 90 12 66 2 90 13 63 1 90 14 66 1 90 14 58 1 90 15 68 1
90 0 70 1 90 0 59 2 90 0 63 2 90 0 47 4 90 2 66 1 90 2 54 3 90 3 59 1 90 4 63 1 90 4 63 1 90 4 59 1 90 4 66 1 90 6 68 3 90 6 65 4 90 6 61 4 90 8 49 5 90 10 61 1 90 10 56 3 90 12 68 1 90 12 61 1 90 12 68 2 90 12 65 3 90 14 70 7 90 14 61 1
90 0 58 2 90 0 54 3 90 0 42 15 90 2 49 3 90 2 78 1 90 4 85 1 90 4 54 1 90 4 58 2 90 4 61 2 90 4 87 2 90 6 85 1 90 6 49 3 90 7 54 1 90 8 85 1 90 8 66 2 90 8 61 3 90 8 58 3 90 8 54 3 90 8 87 2 90 10 85 1 90 10 49 3 90 12 80 1 90 12 82 1 90 12 61 1 90 12 54 2 90 12 58 3 90 13 63 1 90 13 80 1 90 14 66 1 90 14 49 1 90 14 78 2 90 15 68 1 90 15 54 1
A
90 0 70 1 90 0 59 2 90 0 63 3 90 0 47 5 90 1 78 1 90 2 66 1 90 2 80 1 90 2 54 3 90 3 82 1 90 3 59 2 90 4 63 1 90 4 66 1 90 6 68 6 90 6 65 4 90 6 61 5 90 8 49 5 90 10 80 1 90 10 56 2 90 11 82 1 90 12 80 1 90 12 61 1 90 12 65 1 90 12 68 2 90 14 61 1
90 0 68 1 90 0 58 2 90 0 61 2 90 0 46 5 90 2 65 1 90 2 53 3 90 3 58 1 90 4 61 1 90 4 61 1 90 4 58 1 90 4 65 1 90 6 66 5 90 6 58 4 90 6 63 4 90 8 78 1 90 8 51 6 90 9 80 1 90 10 82 1 90 10 54 4 90 12 61 1 90 12 58 1 90 12 63 2 90 12 66 2 90 13 63 1 90 14 66 1 90 14 58 1 90 15 68 1
90 0 70 1 90 0 59 2 90 0 63 2 90 0 47 4 90 2 66 1 90 2 54 3 90 3 59 1 90 4 63 1 90 4 63 1 90 4 59 1 90 4 66 1 90 6 68 3 90 6 65 4 90 6 61 4 90 8 49 5 90 10 61 1 90 10 56 3 90 12 68 1 90 12 61 1 90 12 68 2 90 12 65 3 90 14 66 7 90 14 61 1
90 0 58 2 90 0 54 3 90 0 42 15 90 2 49 3 90 4 54 1 90 4 58 2 90 4 61 2 90 6 49 3 90 7 54 1 90 8 66 2 90 8 61 3 90 8 58 3 90 8 54 3 90 10 49 3 90 12 73 1 90 12 54 2 90 12 58 3 90 13 75 1 90 14 78 1 90 14 49 1 90 15 80 1 90 15 54 1
b
90 0 82 1 90 0 63 3 90 0 59 3 90 0 54 3 90 0 47 6 90 2 78 1 90 4 75 1 90 4 54 1 90 4 59 1 90 4 63 1 90 6 80 6 90 8 61 2 90 8 65 2 90 8 56 2 90 8 49 5 90 12 56 1 90 12 61 2 90 12 65 2
90 0 80 1 90 0 61 2 90 0 58 3 90 0 65 3 90 0 46 4 90 2 77 1 90 2 53 2 90 4 73 1 90 4 58 1 90 4 61 2 90 4 65 2 90 6 78 5 90 6 58 1 90 8 54 2 90 8 51 3 90 8 39 5 90 10 46 2 90 12 73 1 90 12 51 1 90 12 54 2 90 12 58 2 90 13 75 1 90 14 78 1 90 15 80 1
90 0 82 1 90 0 54 3 90 0 59 3 90 0 47 5 90 2 78 1 90 4 75 1 90 4 54 1 90 4 59 2 90 4 63 2 90 6 80 3 90 8 56 2 90 8 61 2 90 8 65 2 90 8 49 5 90 10 73 1 90 12 80 1 90 12 56 1 90 12 65 2 90 12 61 2 90 14 78 7 90 14 56 1
90 0 58 3 90 0 54 3 90 0 42 15 90 2 49 3 90 4 61 2 90 4 58 2 90 4 54 2 90 6 49 2 90 8 73 1 90 8 58 2 90 8 61 2 90 8 75 2 90 10 73 1 90 10 49 5 90 12 68 1 90 12 73 1 90 12 70 1 90 12 58 3 90 12 61 3 90 12 66 3 90 13 75 1 90 13 68 1 90 14 78 1 90 14 66 2 90 14 54 1 90 15 80 1
b
90 0 82 1 90 0 63 3 90 0 59 3 90 0 54 3 90 0 47 6 90 2 78 1 90 4 75 1 90 4 54 1 90 4 59 1 90 4 63 1 90 6 80 6 90 8 61 2 90 8 65 2 90 8 56 2 90 8 49 5 90 12 56 1 90 12 61 2 90 12 65 2
90 0 80 1 90 0 61 2 90 0 58 3 90 0 65 3 90 0 46 4 90 2 77 1 90 2 53 2 90 4 73 1 90 4 58 1 90 4 61 2 90 4 65 2 90 6 78 5 90 6 58 1 90 8 54 2 90 8 51 3 90 8 39 5 90 10 46 2 90 12 73 1 90 12 51 1 90 12 54 2 90 12 58 2 90 13 75 1 90 14 78 1 90 15 80 1
90 0 82 1 90 0 54 3 90 0 59 3 90 0 47 5 90 2 78 1 90 4 75 1 90 4 54 1 90 4 59 2 90 4 63 2 90 6 80 3 90 8 56 2 90 8 61 2 90 8 65 2 90 8 49 5 90 10 73 1 90 12 80 1 90 12 56 1 90 12 65 2 90 12 61 2 90 14 78 7 90 14 56 1
90 0 58 3 90 0 54 3 90 0 42 15 90 2 49 3 90 4 61 2 90 4 58 2 90 4 54 2 90 6 49 2 90 8 58 2 90 8 61 2 90 10 49 5 90 12 61 1 90 12 58 3 90 12 61 3 90 12 66 3 90 13 63 1 90 14 66 1 90 14 54 1 90 15 68 1
A
90 0 70 1 90 0 63 3 90 0 59 3 90 0 54 3 90 0 47 6 90 2 66 1 90 4 63 1 90 4 54 1 90 4 59 1 90 4 63 1 90 6 68 6 90 8 61 2 90 8 65 2 90 8 56 2 90 8 49 5 90 12 56 1 90 12 61 2 90 12 65 2
90 0 68 1 90 0 61 2 90 0 58 3 90 0 65 3 90 0 46 4 90 2 65 1 90 2 53 2 90 4 61 1 90 4 58 1 90 4 61 2 90 4 65 2 90 6 66 5 90 6 58 1 90 8 54 2 90 8 51 3 90 8 39 5 90 10 46 2 90 12 61 1 90 12 51 1 90 12 54 2 90 12 58 2 90 13 63 1 90 14 66 1 90 15 68 1
90 0 70 1 90 0 54 3 90 0 59 3 90 0 47 5 90 2 66 1 90 4 63 1 90 4 54 1 90 4 59 2 90 4 63 2 90 6 68 3 90 8 56 2 90 8 61 2 90 8 65 2 90 8 49 5 90 10 61 1 90 12 68 1 90 12 56 1 90 12 65 2 90 12 61 2 90 14 70 7 90 14 56 1
90 0 58 3 90 0 54 3 90 0 42 15 90 2 49 3 90 4 61 2 90 4 58 2 90 4 54 2 90 6 49 2 90 8 73 1 90 8 58 2 90 8 61 2 90 8 75 2 90 10 73 1 90 10 49 5 90 12 68 1 90 12 61 1 90 12 70 1 90 12 58 3 90 12 61 3 90 12 66 3 90 13 63 1 90 13 68 1 90 14 66 1 90 14 66 2 90 14 54 1 90 15 68 1
A
90 0 70 1 90 0 59 2 90 0 63 3 90 0 47 5 90 2 66 1 90 2 54 3 90 3 59 2 90 4 63 1 90 4 66 1 90 6 68 6 90 6 65 4 90 6 61 5 90 8 49 5 90 10 56 2 90 12 61 1 90 12 65 1 90 12 68 2 90 14 61 1
90 0 68 1 90 0 58 2 90 0 61 2 90 0 46 5 90 2 65 1 90 2 53 3 90 3 58 1 90 4 61 1 90 4 61 1 90 4 58 1 90 4 65 1 90 6 66 5 90 6 58 4 90 6 63 4 90 8 51 6 90 10 54 4 90 12 61 1 90 12 58 1 90 12 63 2 90 12 66 2 90 13 63 1 90 14 66 1 90 14 58 1 90 15 68 1
90 0 70 1 90 0 59 2 90 0 63 2 90 0 47 4 90 2 66 1 90 2 54 3 90 3 59 1 90 4 63 1 90 4 63 1 90 4 59 1 90 4 66 1 90 6 68 3 90 6 65 4 90 6 61 4 90 8 49 5 90 10 61 1 90 10 56 3 90 12 68 1 90 12 61 1 90 12 68 2 90 12 65 3 90 14 66 7 90 14 61 1
90 0 58 2 90 0 54 3 90 0 42 15 90 2 49 3 90 4 54 1 90 4 58 2 90 4 61 2 90 6 49 3 90 7 54 1 90 8 66 2 90 8 61 3 90 8 58 3 90 8 54 3 90 10 49 3 90 12 73 1 90 12 54 2 90 12 58 3 90 13 75 1 90 14 78 1 90 14 49 1 90 15 80 1 90 15 54 1
b
90 0 82 1 90 0 59 2 90 0 63 3 90 0 47 5 90 2 78 1 90 2 54 3 90 3 59 2 90 4 75 1 90 4 66 1 90 6 80 6 90 6 65 4 90 6 61 5 90 8 49 5 90 10 56 2 90 12 61 1 90 12 65 1 90 12 68 2 90 14 61 1
90 0 80 1 90 0 58 2 90 0 61 2 90 0 46 5 90 2 77 1 90 2 53 3 90 3 58 1 90 4 73 1 90 4 61 1 90 4 58 1 90 4 65 1 90 6 78 5 90 6 58 4 90 6 63 4 90 8 51 6 90 10 54 4 90 12 73 1 90 12 58 1 90 12 63 2 90 12 66 2 90 13 75 1 90 14 78 1 90 14 58 1 90 15 80 1
90 0 82 1 90 0 59 2 90 0 63 2 90 0 47 4 90 2 78 1 90 2 54 3 90 3 59 1 90 4 75 1 90 4 63 1 90 4 59 1 90 4 66 1 90 6 80 3 90 6 65 4 90 6 61 4 90 8 49 5 90 10 73 1 90 10 56 3 90 12 80 1 90 12 61 1 90 12 68 2 90 12 65 3 90 14 78 7 90 14 61 1
90 0 58 2 90 0 54 3 90 0 42 15 90 2 49 3 90 4 54 1 90 4 58 2 90 4 61 2 90 6 49 3 90 7 54 1 90 8 66 2 90 8 61 3 90 8 58 3 90 8 54 3 90 10 49 3 90 12 61 1 90 12 54 2 90 12 58 3 90 13 63 1 90 14 66 1 90 14 49 1 90 15 68 1 90 15 54 1
A
90 0 70 1 90 0 59 2 90 0 63 3 90 0 47 5 90 2 66 1 90 2 54 3 90 3 59 2 90 4 63 1 90 4 66 1 90 6 68 6 90 6 65 4 90 6 61 5 90 8 49 5 90 10 56 2 90 12 61 1 90 12 65 1 90 12 68 2 90 14 61 1
90 0 68 1 90 0 58 2 90 0 61 2 90 0 46 5 90 2 65 1 90 2 53 3 90 3 58 1 90 4 61 1 90 4 61 1 90 4 58 1 90 4 65 1 90 6 66 5 90 6 58 4 90 6 63 4 90 8 51 6 90 10 54 4 90 12 61 1 90 12 58 1 90 12 63 2 90 12 66 2 90 13 63 1 90 14 66 1 90 14 58 1 90 15 68 1
90 0 70 1 90 0 59 2 90 0 63 2 90 0 47 4 90 2 66 1 90 2 54 3 90 3 59 1 90 4 63 1 90 4 63 1 90 4 59 1 90 4 66 1 90 6 68 3 90 6 65 4 90 6 61 4 90 8 49 5 90 10 61 1 90 10 56 3 90 12 68 1 90 12 61 1 90 12 68 2 90 12 65 3 90 14 66 7 90 14 61 1
90 0 58 2 90 0 54 3 90 0 42 15 90 2 49 3 90 4 54 1 90 4 58 2 90 4 61 2 90 6 49 3 90 7 54 1 90 8 66 2 90 8 61 3 90 8 58 3 90 8 54 3 90 10 49 3 90 12 54 2 90 12 58 3 90 14 66 2 90 14 49 1 90 15 54 1
x
90 0 75 2 90 0 59 2 90 0 63 3 90 0 47 4 90 2 73 1 90 2 54 2 90 3 59 1 90 4 71 1 90 4 66 1 90 6 80 1 90 6 65 5 90 6 61 5 90 6 49 7 90 7 82 1 90 8 80 5 90 10 56 2 90 12 65 1 90 12 68 1 90 12 61 1 90 14 66 1
90 0 75 2 90 0 58 2 90 0 61 2 90 0 46 4 90 2 73 3 90 2 53 2 90 3 58 1 90 4 65 1 90 6 70 6 90 6 66 5 90 6 63 5 90 6 51 6 90 10 58 2 90 12 66 1 90 12 70 1 90 12 63 1 90 14 73 1
90 0 78 1 90 0 59 2 90 0 63 3 90 0 47 3 90 1 80 1 90 2 82 4 90 2 54 1 90 3 59 1 90 4 63 1 90 6 73 1 90 6 61 5 90 6 65 5 90 6 49 7 90 8 78 1 90 9 80 1 90 10 82 3 90 10 56 3 90 12 65 1 90 12 61 1 90 15 42 12
x
90 0 54 11 90 0 49 10 90 0 58 11 90 1 61 10 90 1 66 10
